-----------------------------
2025-04-10T17:01:13.623588500
Quadrat: 1.0 1.0 2.5
Rechteck: 1.0 2.0 5.5 8.7
Rechteck: 2.0 1.0 2.8 12.2
Kreis: 1.0 3.0 7.0
Kreis: 3.0 4.0 9.0
-----------------------------
2025-04-10T17:01:24.034383800
Quadrat: 1.0 1.0 2.5
Rechteck: 1.0 2.0 5.5 8.7
Rechteck: 2.0 1.0 2.8 12.2
Kreis: 1.0 3.0 7.0
Kreis: 3.0 4.0 9.0
